30 40
4.6420 3.2651 3.7599 -2.2342 -5.6923 3.3988 -2.9849 -0.5603 7.9237 -8.3930 3.6550 6.6327 -6.0494 5.0905 9.7833 1.7558 3.4024 -7.1828 7.5435 1.8301 8.8185 1.5208 4.1114 8.3181 3.4289 -9.0778 1.8287 1.2320 5.8268 0.6222 9.1641 -6.4797 -5.2307 2.8221 5.9560 9.5052 1.7699 -6.7606 -6.5017 -1.2581
3.2452 -5.2319 -7.3361 -8.0644 -4.4207 9.5667 1.4063 -0.9940 -6.6284 -1.8788 8.6282 7.7511 -6.4460 5.4278 -4.9167 -0.8742 -6.1862 -3.1774 9.1842 -2.6154 4.5414 6.8196 -8.2702 -2.5678 -6.5051 -1.1526 -3.7409 2.9236 -1.1104 -0.1412 7.5807 8.5533 -9.0245 -4.2150 2.2743 -0.2009 2.3169 -1.1979 5.0218 4.2552
7.5770 -4.5383 -7.3112 7.3385 -6.7751 5.6610 8.4379 -6.7243 -1.1345 -0.4846 9.0768 -8.1291 -4.4471 7.2346 -3.3759 -3.0625 -4.4632 1.7544 0.1275 -8.2939 5.2823 -0.1933 1.6346 -7.5902 2.0572 -7.7752 -5.1731 3.4789 5.8725 3.4173 8.9097 7.5483 4.9021 -2.2808 3.7655 -0.8800 -7.6021 1.9705 4.3077 -5.0185
4.7892 -3.2067 -6.8135 -0.6263 -2.3690 6.0300 -6.8119 -6.7455 1.5610 -8.8032 3.4906 -9.0363 3.5913 7.0282 7.1620 1.4952 5.5659 -3.6784 -1.0767 -0.1604 7.7192 2.7286 2.4321 5.8706 5.5710 7.9776 -8.6675 9.8219 -6.2935 3.2625 3.1938 5.4529 3.8896 -2.4861 -5.9493 -1.5191 8.7791 -6.4280 -8.3418 8.0094
8.6826 9.0233 6.0589 -4.3465 -7.4441 -5.5510 4.3612 3.1441 7.0494 1.7432 -3.3776 5.7288 3.8978 0.9374 -5.8342 2.5972 -5.4257 -0.9395 8.0870 7.2029 4.8597 4.5671 -3.0272 -2.8717 3.1904 2.1038 5.1092 1.0819 -8.2081 9.1991 -1.4665 -0.8881 1.8418 7.2878 6.1692 8.6516 -5.2552 2.4939 0.7758 4.8024
9.9061 6.0330 -9.8230 -7.0081 -6.2905 6.2447 -9.5303 -9.8637 2.2795 6.5462 3.9108 -3.5512 7.2223 -9.9222 8.0420 -7.6596 -8.7805 6.4905 -9.1738 -5.6845 -4.2034 -8.8584 -4.8105 -7.0526 -9.8711 -6.9191 9.6588 -8.7484 0.2405 8.5960 -7.1225 4.6063 -5.9575 2.5444 1.0010 -1.9600 -3.4382 -4.6954 -8.4684 7.0392
-8.7290 -0.1425 -9.6898 -9.1403 -6.1420 6.5954 -7.5944 -5.0706 0.9859 3.8073 4.2613 5.8531 -1.7729 0.1692 0.4159 -9.6416 9.8038 8.8808 -5.9642 -7.5576 3.8136 -8.3300 8.5798 0.9062 -8.1745 -6.9319 4.1661 -8.4780 -2.1350 1.5079 9.6725 -6.1978 8.2438 0.7743 9.2262 -4.8495 0.0442 3.6281 2.9617 0.8946
9.0230 -7.1459 8.6972 -2.1675 0.7002 1.6072 -9.8484 -8.9720 -7.5737 5.7311 -7.0675 -0.5787 4.3032 9.0825 2.6727 -1.4232 8.2839 6.6209 8.5124 0.0023 8.7624 -7.1559 0.8225 -5.5846 1.1636 5.2202 9.5318 -0.0216 -3.3770 -8.5224 -6.6975 9.7577 1.5135 -7.2562 1.9793 -9.3889 2.0163 -9.5452 -2.3890 7.2295
-1.1133 2.8351 4.2246 -1.5645 -2.6574 9.1634 -7.2077 -9.6903 0.4644 6.5016 -7.9179 4.8369 4.9239 -3.7487 -0.0330 3.4558 7.2976 8.4688 7.1596 8.6146 -4.1629 2.4034 -1.7929 5.5660 -0.7628 -8.3991 -3.1596 -2.2450 -8.5901 9.1425 5.6403 -2.4070 6.0351 4.7126 5.3589 -4.3582 0.4964 -5.2381 7.7628 6.1165
5.5328 8.9533 -0.0619 -8.3811 -3.3433 9.6691 -0.6584 0.9766 -8.3821 7.2995 -3.3994 3.4396 -9.5190 -7.9819 4.2575 1.9342 -3.3142 -8.0875 9.3747 -6.2083 -9.7714 6.8681 -1.7619 -2.5127 0.2684 -5.5518 -9.6705 -7.4059 8.8448 -3.3899 -7.5492 -1.1255 -5.0985 7.0434 6.9953 -3.5098 9.2016 3.3783 3.9644 -2.4493
0.3674 -3.3066 -0.5502 5.5863 4.5728 -2.7118 3.7445 2.9547 -0.0699 -9.9872 -9.8059 1.2899 2.4596 4.0593 4.2554 -4.4149 -5.5587 2.9462 1.7632 -1.5190 7.2582 4.1612 -0.6436 -4.8301 -2.1973 6.7809 6.6016 8.0531 7.9682 -8.7483 -0.1565 0.4869 3.3280 3.2126 0.2325 1.3976 1.1307 1.0020 0.7495 -9.0726
3.4232 -3.4523 8.8219 -4.0613 -9.3095 7.1134 -8.9752 -0.1846 4.1637 -2.7688 3.9261 -2.2990 -6.9924 4.1275 0.3648 6.4851 -2.4334 1.5423 8.4404 -5.2924 7.0663 1.2602 9.8211 2.8659 6.9647 1.0936 -5.0109 -8.0986 7.8473 3.3261 0.2495 -2.9282 -3.6512 2.9559 5.6501 2.0504 -2.1478 -4.0636 4.0428 -1.4170
-5.5117 5.2953 -7.3536 -3.0419 7.0996 7.2914 6.8195 4.7753 -3.1543 8.3331 3.0895 9.8578 9.8815 -3.8942 -6.3123 4.3299 4.4828 9.9336 -8.2279 5.1709 -9.3466 -9.1549 9.6930 -7.4048 2.9133 -9.0078 -6.4576 -3.6948 8.7507 -8.4556 -1.7206 2.9312 -7.2413 5.3436 -8.0959 9.3961 0.5193 -6.8669 -1.5283 3.0230
8.5370 4.7981 8.5520 -1.8502 8.2389 -8.8427 5.1615 1.9940 4.7453 -2.0389 2.7835 -8.4458 6.7058 4.6040 -1.3260 4.7944 -6.6854 6.0752 8.4727 -0.5869 -4.9923 0.5362 -9.0117 0.3201 -7.7787 -4.2433 -8.3212 -1.3659 -8.6882 -1.8149 5.4453 5.1581 9.5618 -3.5522 2.1040 1.9067 -7.3796 6.4587 8.0584 9.6634
-8.1002 -4.4263 0.5162 -2.1726 -4.4606 5.3830 6.6167 3.4986 -0.8881 -0.3628 5.7692 5.0622 -4.6404 0.5449 -6.0569 4.7250 -8.5453 4.7766 -8.5286 -3.1707 -4.5812 2.5172 6.9070 5.4261 4.2252 5.6399 2.6114 8.2370 -9.4925 -6.0336 -6.2429 -7.0929 -9.0164 7.1525 -9.8340 -0.5128 -8.1687 -1.7897 1.0164 -6.8164
4.3052 -0.4889 4.0059 4.8581 8.0504 6.1331 -4.7387 7.7102 9.8242 -4.3532 6.5912 -9.7772 0.3642 -5.0845 -7.3932 2.4751 2.8735 5.2093 2.0972 7.6171 2.8367 -8.4228 -5.2705 -8.6156 -9.6919 1.4476 5.5945 -4.0054 -4.0587 -9.0461 9.8838 -8.3486 -2.3367 3.3449 2.2978 6.5799 -1.4551 0.4792 -7.0361 -1.7163
-5.5710 1.4944 0.3569 -8.9814 -4.2569 4.2321 -1.4679 4.4491 2.6673 0.7225 -2.6480 5.4080 3.6475 -7.8593 -9.4315 1.1223 -9.5842 -7.4371 -0.5568 -6.8499 3.9226 9.6363 -2.4532 -9.2447 -4.3345 4.1093 -6.4857 -7.5980 2.7416 -9.3676 -8.2387 0.9787 -6.2106 5.0741 -0.4718 6.3067 -8.4185 -0.4730 2.5726 0.7202
-9.5259 -1.3277 6.2501 5.9327 6.1919 -0.3118 -2.1626 -6.2575 6.6862 -4.6444 -4.4355 8.4631 6.9258 9.3738 6.4930 -9.2380 2.7880 -9.3020 0.3430 -6.9902 -6.6325 -2.8366 -3.3624 5.9711 8.9674 1.5235 7.8726 -3.2066 2.4784 9.9179 5.6026 1.2987 -0.2529 5.4584 7.2839 2.2869 -4.7966 -7.5045 9.5414 -7.0204
-9.7390 -0.6816 5.6523 1.9674 -3.9191 -2.0466 2.8276 5.5808 4.3087 7.3289 -9.2716 -0.1962 5.3379 -9.5029 -6.0907 -3.0955 1.5907 -0.8304 -2.9874 -3.0774 -8.7531 -3.0041 5.8741 -9.9523 -2.9604 -8.2146 4.0448 9.6863 8.2437 5.1657 -8.9420 4.6259 -9.4304 5.5021 3.1361 4.7083 -7.5040 3.2015 8.1988 -7.6171
-8.2821 -1.5040 -1.7363 0.9154 1.3099 7.4796 -5.1303 3.3132 3.6591 0.1035 2.4285 8.6888 6.4571 3.9271 0.6943 -4.4176 1.4286 -4.4323 -0.7837 2.5332 -9.5614 -9.1749 -5.4408 -1.3665 -3.5886 -1.4099 -3.7839 -6.3166 7.7344 5.1206 -7.8713 -4.7545 8.4066 -8.8555 8.0654 3.3528 -8.9393 -0.0642 -3.6061 9.2018
-2.2718 3.0517 2.4119 4.6073 -7.0573 -8.2469 -8.6207 -4.1222 2.0812 3.0456 5.1153 -9.9064 -2.0163 -2.7701 8.0580 -1.9287 -6.1718 9.4551 8.1317 1.3148 -5.0486 -5.7846 -3.3353 -3.5726 -8.9269 -6.4732 -7.9589 -8.8802 -6.6806 -1.1025 -2.8873 -7.0370 -7.6443 7.3303 -0.6661 -6.0445 -0.7353 8.6803 5.2532 0.6924
-0.1618 0.9782 -5.3046 8.2088 -5.3751 0.7279 -7.8942 -3.0688 -0.8782 2.5414 -2.9971 -2.9881 0.9697 9.4617 0.0080 9.9803 5.3574 -6.9262 8.2659 2.3184 -7.1371 3.5775 -1.9543 7.2435 -7.2493 -4.0336 9.6519 4.4857 -0.6307 -8.4019 -1.0816 -6.8865 2.3463 -0.8306 -7.6871 -5.2032 1.6118 -5.6802 -5.5942 -7.0615
-0.3140 -6.0300 6.1184 6.7982 -1.3508 2.1006 -7.3221 5.1336 -0.3983 -5.7667 1.2025 6.9229 8.4675 3.7787 3.6549 -7.5714 0.4733 6.7925 5.6240 -8.0275 -5.6932 8.5074 4.8868 -1.2192 2.5165 1.1438 7.4838 -1.1453 -6.2023 2.7087 5.3645 0.2107 -8.5765 -8.2308 -5.2194 3.1430 -8.5062 0.1096 -5.4252 5.8867
5.2222 4.3188 3.0929 3.0848 1.6331 9.0919 -2.2670 1.7027 3.7698 7.5329 3.9771 4.8339 3.5229 -1.5011 2.1251 5.0987 5.4446 4.3643 -3.6053 3.8947 -8.1965 8.9337 -4.5606 8.7265 4.2824 8.3285 2.4456 1.3333 -3.2433 1.8857 -6.5985 6.0706 -2.0577 9.3030 8.7949 -0.2021 -6.3162 -5.6948 -4.2265 -5.4764
1.3034 1.4397 7.2553 7.4923 -5.1144 4.8523 8.7205 -0.2211 -0.0680 -8.5921 3.2996 -5.7022 1.7400 8.8130 -5.9714 4.6042 -7.6761 2.8500 8.8581 -9.9990 -9.6691 4.3656 2.4037 -6.5726 7.7421 3.9048 -1.8782 5.1636 -4.4372 4.0056 2.5491 -6.8277 -3.6417 -4.4042 -9.6541 4.4094 -9.8175 6.0668 2.7283 -9.5472
-6.8263 -8.5411 -4.8133 6.5470 -2.7290 -3.8812 7.5223 9.1300 -5.9842 -8.7459 -5.0723 -0.0993 9.4023 7.4172 -7.2820 -3.9728 -0.2873 8.5124 -8.0689 6.8424 -2.1468 -8.6682 8.0016 -6.5652 7.3570 -0.9944 -6.3194 3.0457 -4.7648 -4.4865 -9.6990 -8.3425 -4.2459 -2.1453 2.9802 6.4527 5.3336 -6.5727 -9.6018 9.1624
-9.9017 -3.9851 -2.7077 -1.2354 -1.2732 -4.3617 8.4411 -2.8040 -6.5582 -8.9365 3.9829 -0.1912 2.0619 5.0627 -2.3525 6.7543 -8.6238 -5.7432 -5.6435 -8.7581 5.2750 -5.9027 3.3567 -5.2153 0.3908 -9.3363 3.1832 6.8229 -7.8985 2.0674 9.2160 -4.1178 -8.3962 -4.1963 -2.1717 -4.9437 -0.4154 6.8744 -5.9881 -1.5563
-2.6314 -5.8371 -3.7411 -9.1492 7.8377 -1.7512 7.3300 -7.9822 9.5654 7.7873 -7.9907 -8.3691 5.1056 -5.8432 -9.8051 -3.0793 -3.8104 8.2690 -0.7642 6.9401 -7.9283 5.8987 7.7446 2.9278 -9.5272 -1.3190 -4.2071 6.3812 -5.3418 7.0591 -2.8869 -9.5016 9.4317 -6.8231 -3.8585 8.0957 4.1355 -2.8223 -4.5356 -0.3056
-0.8093 3.8945 -6.0546 -3.8990 9.4946 3.5148 -4.5916 1.9146 8.7323 4.0925 2.4484 -4.7931 9.2355 -0.6624 -1.2104 -7.4771 4.7752 6.9402 3.4667 4.9553 2.2462 -4.1665 0.0565 -7.6377 5.7721 -1.3607 6.9186 -5.5692 -2.5023 4.1004 7.4913 7.6712 9.3641 9.6154 -3.9873 5.1286 -6.3825 0.0093 -4.9710 -3.1050
-6.1072 4.0778 0.8701 -2.3951 -6.1163 1.7642 5.4362 -4.6820 1.7462 -0.2023 0.3871 0.4071 7.8118 -6.6671 -4.2284 1.4881 2.3955 -5.0482 -3.8189 -8.6140 -2.5970 -9.4191 -8.0289 -0.1427 3.7245 -3.7969 -8.9969 9.6954 8.7182 4.5584 -2.7875 8.2011 6.4247 -6.3708 1.1235 -5.2146 6.7994 2.5389 -9.9153 5.9069
9.3026
1.3039
-4.1362
8.3007
-6.1004
3.8005
-1.9219
-9.6646
2.5993
9.9978
-9.8183
7.7920
8.0416
-3.2412
-9.6073
4.4368
-4.1355
9.7247
0.2148
-5.0619
9.0024
-3.9370
6.3456
-9.0836
-2.8640
-5.5452
-6.2575
0.3683
9.5088
-2.8953
-0.8721
-6.8712
-5.0209
8.3186
-4.4870
-9.5800
-1.5224
-7.9864
1.8570
6.5314